-1.3973641563151711e-02 -9.9411958318804383e-01 -1.0738245510088733e-01 1.5263274000000000e-02 -9.5792611297838737e-01 4.4099430859250291e-02 -2.8360677402348444e-01 2.1556774000000001e-02 2.8667455313575024e-01 9.8901438411783199e-02 -9.5290933779898357e-01 -3.2478683000000002e-03 0.0000000000000000e+00 0.0000000000000000e+00 0.0000000000000000e+00 1.0000000000000000e+00
-1.0167897635648222e-02 -9.8834949906956149e-01 -1.5186138925552342e-01 4.2030443000000001e-02 -9.4666288051846237e-01 5.8428740663242065e-02 -3.1688400545466938e-01 1.1875976999999999e-02 3.2206521778384933e-01 1.4053949606233201e-01 -9.3622788120221423e-01 -5.1119446999999998e-02 0.0000000000000000e+00 0.0000000000000000e+00 0.0000000000000000e+00 1.0000000000000000e+00
-3.3751214386859067e-02 -9.9545006060788255e-01 -8.9106859237520028e-02 4.8346899999999998e-02 -9.7467647295671755e-01 5.2504429497895973e-02 -2.1736848425600563e-01 9.0516659999999999e-02 2.2105797563549967e-01 7.9513908964805688e-02 -9.7201384233408494e-01 -1.1705415000000000e-01 0.0000000000000000e+00 0.0000000000000000e+00 0.0000000000000000e+00 1.0000000000000000e+00
-1.1520301430195626e-01 -9.9333320914602630e-01 -4.1714629807815540e-03 -1.8576919000000000e-01 -9.9003878513626797e-01 1.1516109901047630e-01 -8.1000772839535551e-02 3.7365925000000000e-01 8.0941147889352458e-02 -5.2016230501686425e-03 -9.9670530935477508e-01 -2.0635010000000001e-01 0.0000000000000000e+00 0.0000000000000000e+00 0.0000000000000000e+00 1.0000000000000000e+00
3.6198777590525477e-02 -9.2791725314428075e-01 3.7102455419840419e-01 -4.4132729999999998e-01 -9.9630300196474164e-01 -4.5647277828134714e-03 8.5787478901717923e-02 4.9485210000000002e-01 -7.7910055685999596e-02 -3.7275827901931524e-01 -9.2465198244829538e-01 -3.6095270000000002e-01 0.0000000000000000e+00 0.0000000000000000e+00 0.0000000000000000e+00 1.0000000000000000e+00
2.1339532697276758e-02 -8.7134748124660621e-01 4.9020219427238110e-01 -8.6932960000000004e-01 -9.9801522486350747e-01 1.0490660706965721e-02 6.2093131492735376e-02 3.3627077999999999e-01 -5.9247238626830984e-02 -4.9055429155510072e-01 -8.6939418663341028e-01 -4.6197748000000000e-01 0.0000000000000000e+00 0.0000000000000000e+00 0.0000000000000000e+00 1.0000000000000000e+00
-1.3885167529611581e-03 -9.1194426119080296e-01 4.1031175525737373e-01 -7.9569953999999998e-01 -9.9079267812023775e-01 -5.4293816925135588e-02 -1.2402439448361072e-01 -1.4110643000000001e-02 1.3538072611916810e-01 -4.0670609280518533e-01 -9.0347230896723429e-01 -5.1417106000000001e-01 0.0000000000000000e+00 0.0000000000000000e+00 0.0000000000000000e+00 1.0000000000000000e+00
1.2588303814337015e-01 -9.8398009744851278e-01 1.2624036015874618e-01 -4.7678593000000002e-01 -9.4317689767232704e-01 -1.5815605428989304e-01 -2.9223963144764742e-01 -2.7629647000000002e-01 3.0752365828501588e-01 -8.2278978583034873e-02 -9.4797646029758198e-01 -4.4932400000000000e-01 0.0000000000000000e+00 0.0000000000000000e+00 0.0000000000000000e+00 1.0000000000000000e+00
1.1552451649808312e-01 -9.8840893063771096e-01 -9.8498080811257882e-02 -2.7249643000000001e-01 -8.9107127683671072e-01 -5.9306638141825269e-02 -4.4997189053196329e-01 -3.5766438000000000e-01 4.3891464510138933e-01 1.3975159572588661e-01 -8.8759417855661416e-01 -3.8238211999999999e-01 0.0000000000000000e+00 0.0000000000000000e+00 0.0000000000000000e+00 1.0000000000000000e+00
1.3757230737566925e-01 -8.7900932715971791e-01 -4.5652651950303424e-01 1.0383058000000001e-01 -9.1909538716225669e-01 5.8531464499942260e-02 -3.8966362026824314e-01 -4.0042549999999999e-01 3.6923912244018231e-01 4.7319834153313761e-01 -7.9984110923976171e-01 -5.9245890000000001e-01 0.0000000000000000e+00 0.0000000000000000e+00 0.0000000000000000e+00 1.0000000000000000e+00
1.5994179881660125e-01 -8.6411611906108932e-01 -4.7720221475817892e-01 4.4860423000000003e-02 -9.2310869662011674e-01 4.0327194290115616e-02 -3.8241868629160458e-01 -4.8954192000000002e-01 3.4969837748496813e-01 5.0167424707621633e-01 -7.9122310039892807e-01 -5.7576596999999996e-01 0.0000000000000000e+00 0.0000000000000000e+00 0.0000000000000000e+00 1.0000000000000000e+00
6.4017465977586493e-02 -9.7874866645706071e-01 -1.9481481452480484e-01 -5.3009430000000002e-01 -9.2201669826382548e-01 1.6681867021778526e-02 -3.8679054207069452e-01 -4.4890466000000001e-01 3.8182060207967117e-01 2.0438386242850301e-01 -9.0135468302235200e-01 -3.3374670000000001e-01 0.0000000000000000e+00 0.0000000000000000e+00 0.0000000000000000e+00 1.0000000000000000e+00
-4.1210124199066098e-02 -9.7689522801680218e-01 2.0970798540231589e-01 -1.0994354000000000e+00 -8.8997687021550620e-01 -5.9509125688044881e-02 -4.5210599912106564e-01 -4.2844766000000001e-01 4.5413973196023055e-01 -2.0526660088247398e-01 -8.6696177909827488e-01 -4.5434138000000002e-01 0.0000000000000000e+00 0.0000000000000000e+00 0.0000000000000000e+00 1.0000000000000000e+00
-1.4716867735630074e-01 -9.1931163580702702e-01 3.6497602205488189e-01 -1.4360006999999999e+00 -8.7769807838067559e-01 -4.8758526215862241e-02 -4.7672705957195977e-01 -3.3941767000000000e-01 4.5605642590809625e-01 -3.9049804402975646e-01 -7.9970232836779220e-01 -7.1571666000000000e-01 0.0000000000000000e+00 0.0000000000000000e+00 0.0000000000000000e+00 1.0000000000000000e+00
-2.7606771283182485e-01 -7.0875225301288991e-01 6.4919709008971838e-01 -1.5845852000000000e+00 -8.7992114797088938e-01 -8.5372865938572629e-02 -4.6738661418040950e-01 -2.9567110000000002e-01 3.8668513196837240e-01 -7.0027260235610189e-01 -6.0007740426049672e-01 -1.1325996000000000e+00 0.0000000000000000e+00 0.0000000000000000e+00 0.0000000000000000e+00 1.0000000000000000e+00
-1.8366353958287468e-01 -8.6614783367763093e-01 4.6481785082270327e-01 -1.3847111000000001e+00 -8.7551336605685992e-01 -7.0853383442289697e-02 -4.7797086094297270e-01 -1.6183380999999999e-01 4.4692734318194999e-01 -4.9474006131536064e-01 -7.4531082217152633e-01 -1.3606939000000000e+00 0.0000000000000000e+00 0.0000000000000000e+00 0.0000000000000000e+00 1.0000000000000000e+00
-1.6019067622411398e-01 -9.3786393043732164e-01 3.0781519656365214e-01 -1.1130078999999999e+00 -8.3960641712520057e-01 -3.4513305765891622e-02 -5.4209768127828573e-01 -1.5057667999999999e-01 5.1903758204300088e-01 -3.4528260846699010e-01 -7.8190786459607020e-01 -1.1327438000000001e+00 0.0000000000000000e+00 0.0000000000000000e+00 0.0000000000000000e+00 1.0000000000000000e+00
-8.7309263029208675e-02 -9.9617487877338684e-01 3.5641955788985880e-03 -7.2392979999999996e-01 -8.3538584055828080e-01 7.1266953518565310e-02 -5.4502432856792504e-01 -1.3151050000000000e-01 5.4268553507904671e-01 -5.0563150979847038e-02 -8.3841265363719208e-01 -1.0894071999999999e+00 0.0000000000000000e+00 0.0000000000000000e+00 0.0000000000000000e+00 1.0000000000000000e+00
9.2801544831817295e-02 -9.2374063073891843e-01 -3.7160613611577142e-01 -3.6211026000000002e-01 -8.1948378173676084e-01 1.4112319768253684e-01 -5.5545528582080528e-01 -1.4511984999999999e-01 5.6553886227848671e-01 3.5607231034990727e-01 -7.4389401466528438e-01 -1.0573645000000000e+00 0.0000000000000000e+00 0.0000000000000000e+00 0.0000000000000000e+00 1.0000000000000000e+00
2.5355410794604494e-01 -7.8877435215930802e-01 -5.5995119047944664e-01 -2.8080114999999999e-02 -8.7478473893690745e-01 6.0096562810982877e-02 -4.8077028159131519e-01 -2.4720015000000001e-01 4.1287040928937047e-01 6.1173803585682796e-01 -6.7477003535964630e-01 -8.8514950000000003e-01 0.0000000000000000e+00 0.0000000000000000e+00 0.0000000000000000e+00 1.0000000000000000e+00
2.3989517564284096e-01 -7.6827678977873959e-01 -5.9346531405850933e-01 1.0616114000000000e-01 -8.9197271442969750e-01 6.6862366553696428e-02 -4.4711754679475146e-01 -3.4689527999999997e-01 3.8319052887070165e-01 6.3661620952196452e-01 -6.6924197444398137e-01 -8.4523300000000001e-01 0.0000000000000000e+00 0.0000000000000000e+00 0.0000000000000000e+00 1.0000000000000000e+00
1.5878182807655852e-01 -8.9188575535185000e-01 -4.2347152262357191e-01 -3.3576539999999999e-01 -9.0885906753727741e-01 3.5519642091458671e-02 -4.1558819807709346e-01 -3.2418054000000002e-01 3.8569875087681704e-01 4.5086378699797447e-01 -8.0495858225495576e-01 -5.6879603999999995e-01 0.0000000000000000e+00 0.0000000000000000e+00 0.0000000000000000e+00 1.0000000000000000e+00
1.3931799317025220e-01 -9.5938640680541276e-01 -2.4529210997505110e-01 -9.9868990000000002e-01 -9.2353309202915113e-01 -3.6500066618674526e-02 -3.8177791065475164e-01 -3.0757449999999997e-01 3.5731935954561544e-01 2.7972391312476530e-01 -8.9111021075963404e-01 -5.0984379999999996e-01 0.0000000000000000e+00 0.0000000000000000e+00 0.0000000000000000e+00 1.0000000000000000e+00
3.6154282639080226e-03 -9.9722737222033830e-01 -7.4326958588304279e-02 -1.5774923999999999e+00 -9.4792864612511141e-01 2.0252930125841603e-02 -3.1783816743231358e-01 -2.4607466000000000e-01 3.1846225919860921e-01 7.1605774319092028e-02 -9.4522716981172383e-01 -6.3195723000000004e-01 0.0000000000000000e+00 0.0000000000000000e+00 0.0000000000000000e+00 1.0000000000000000e+00
-8.4649496191207069e-02 -9.5691000374195312e-01 2.7777276240328175e-01 -2.0285696999999998e+00 -9.6960570234991095e-01 1.4880183553558163e-02 -2.4421990522467313e-01 -9.1832659999999997e-02 2.2956316073166169e-01 -2.9000314632084184e-01 -9.2908499630491381e-01 -8.6451630000000002e-01 0.0000000000000000e+00 0.0000000000000000e+00 0.0000000000000000e+00 1.0000000000000000e+00
-8.9110777412323816e-02 -8.7319832433935862e-01 4.7914919985314358e-01 -2.3326137000000000e+00 -9.8875051839203243e-01 1.9530005952899387e-02 -1.4829359813210702e-01 1.7892082000000001e-01 1.2013193467375122e-01 -4.8697357755674603e-01 -8.6511562986292501e-01 -1.0825541000000001e+00 0.0000000000000000e+00 0.0000000000000000e+00 0.0000000000000000e+00 1.0000000000000000e+00
1.8052973394282537e-02 -7.7885123944921986e-01 6.2694883121355227e-01 -2.4330379999999998e+00 -9.9683291484336156e-01 3.4551295144612373e-02 7.1626446852523951e-02 4.9900870000000003e-01 -7.7448241016261132e-02 -6.2625630121559961e-01 -7.7576079763754713e-01 -1.2211291000000000e+00 0.0000000000000000e+00 0.0000000000000000e+00 0.0000000000000000e+00 1.0000000000000000e+00
-1.2969919831711910e-01 -7.3177730849925426e-01 6.6908899910361974e-01 -2.5654335000000001e+00 -9.9122154161117337e-01 1.1314384777886874e-01 -6.8398283280802830e-02 6.5191025000000002e-01 -2.5650992219900137e-02 -6.7208663167435434e-01 -7.4002809819813953e-01 -1.2446079000000001e+00 0.0000000000000000e+00 0.0000000000000000e+00 0.0000000000000000e+00 1.0000000000000000e+00
-2.7121253534916240e-01 -8.7279055981498843e-01 4.0580832836120873e-01 -2.1468500000000001e+00 -9.6139597958896561e-01 2.6600715145263626e-01 -7.0412824160287629e-02 6.1320370000000002e-01 -4.6492269246109441e-02 -4.0923933593179118e-01 -9.1124180919581055e-01 -1.0771596000000001e+00 0.0000000000000000e+00 0.0000000000000000e+00 0.0000000000000000e+00 1.0000000000000000e+00
-3.2451953718134463e-01 -9.2241678334209576e-01 2.0936653934291205e-01 -1.9215123999999999e+00 -9.4169490116301025e-01 2.9427360926181834e-01 -1.6313723062382499e-01 5.7311939999999995e-01 8.8869472324271059e-02 -2.5010062115245496e-01 -9.6413271710276593e-01 -9.1689449999999995e-01 0.0000000000000000e+00 0.0000000000000000e+00 0.0000000000000000e+00 1.0000000000000000e+00
-1.5337121237987361e-02 -9.9987744416854785e-01 3.1415529763679229e-03 -1.6030857999999999e+00 -9.8922808815698993e-01 1.4716176588214447e-02 -1.4564073519414394e-01 5.7717406999999998e-01 1.4557665442438750e-01 -5.3414220575185439e-03 -9.8933255627064320e-01 -8.8979392999999996e-01 0.0000000000000000e+00 0.0000000000000000e+00 0.0000000000000000e+00 1.0000000000000000e+00
1.1356913312284403e-02 -9.6916800187083652e-01 -2.4613899461423727e-01 -1.3001639000000000e+00 -9.8712378283419311e-01 2.8411232066796646e-02 -1.5741486351536049e-01 5.4111379999999998e-01 1.5955456083462549e-01 2.4475740242562000e-01 -9.5636612030891865e-01 -8.5828789999999999e-01 0.0000000000000000e+00 0.0000000000000000e+00 0.0000000000000000e+00 1.0000000000000000e+00
3.6587093616080583e-02 -8.7864785611212026e-01 -4.7606651796813343e-01 -9.4561476000000000e-01 -9.8222073717079472e-01 5.6157619903634208e-02 -1.7913331682972808e-01 4.4288197000000001e-01 1.8412986735559483e-01 4.7415637365360164e-01 -8.6097150084731444e-01 -1.1053869999999999e+00 0.0000000000000000e+00 0.0000000000000000e+00 0.0000000000000000e+00 1.0000000000000000e+00
1.1313684485229691e-01 -7.9866061130367827e-01 -5.9105099804407923e-01 -8.1431299999999995e-01 -9.8075177947238146e-01 5.5125618006891530e-03 -1.9518083595514912e-01 2.2276649000000001e-01 1.5914145091277937e-01 6.0175646204625699e-01 -7.8266414188139921e-01 -1.3106176000000000e+00 0.0000000000000000e+00 0.0000000000000000e+00 0.0000000000000000e+00 1.0000000000000000e+00
1.2296880549712937e-01 -8.6838676928030767e-01 -4.8039888823093546e-01 -8.4531283000000002e-01 -9.0380864321707322e-01 1.0193870459983807e-01 -4.1561813838019657e-01 -8.2016670000000000e-02 4.0988853279973869e-01 4.8529673339454560e-01 -7.7232018699232552e-01 -1.0244465000000000e+00 0.0000000000000000e+00 0.0000000000000000e+00 0.0000000000000000e+00 1.0000000000000000e+00
8.7325892873186123e-02 -9.4178710045728431e-01 -3.2467098091169400e-01 -1.0890504000000001e+00 -7.7937347033762039e-01 1.3839812706239971e-01 -6.1108342487708978e-01 -2.9778070000000001e-01 6.2044434252219183e-01 3.0640335480846265e-01 -7.2191814078489802e-01 -8.1387920000000002e-01 0.0000000000000000e+00 0.0000000000000000e+00 0.0000000000000000e+00 1.0000000000000000e+00
2.5076094624219433e-02 -9.9113589076514685e-01 -1.3046392419200120e-01 -1.5098099000000000e+00 -7.9638180216884580e-01 5.9079995503350621e-02 -6.0190163590542389e-01 -3.7852022000000002e-01 6.0427412211073417e-01 1.1899243744248250e-01 -7.8784109132413149e-01 -5.6987964999999996e-01 0.0000000000000000e+00 0.0000000000000000e+00 0.0000000000000000e+00 1.0000000000000000e+00
-2.2274230158317032e-02 -9.9969883630502432e-01 1.0300260250807491e-02 -2.1105977999999999e+00 -8.3102106678662535e-01 1.2786292717644143e-02 -5.5609396442989556e-01 -3.7771478000000003e-01 5.5579478697417950e-01 -2.0946298215168357e-02 -8.3105559823841368e-01 -6.5450143999999999e-01 0.0000000000000000e+00 0.0000000000000000e+00 0.0000000000000000e+00 1.0000000000000000e+00
-8.4248835955807372e-02 -9.7312976088752301e-01 2.1429092868127544e-01 -2.6277218000000002e+00 -8.4233838695655272e-01 -4.5334695558455179e-02 -5.3703892525407748e-01 -3.4406490000000001e-01 5.3232337493249715e-01 -2.2575037952042118e-01 -8.1588515775620130e-01 -8.6750585000000002e-01 0.0000000000000000e+00 0.0000000000000000e+00 0.0000000000000000e+00 1.0000000000000000e+00
-1.6006037823131952e-01 -8.0647848216076523e-01 5.6918637820323437e-01 -2.9274749999999998e+00 -9.3536379125259284e-01 -6.0323439356715858e-02 -3.4850489333401413e-01 -1.8748414999999999e-01 3.1539697736982664e-01 -5.8817815368801740e-01 -7.4469537811788000e-01 -1.0642644000000001e+00 0.0000000000000000e+00 0.0000000000000000e+00 0.0000000000000000e+00 1.0000000000000000e+00
-6.9649235599354958e-02 -6.7831663762607231e-01 7.3146122460461649e-01 -3.0827271999999999e+00 -9.9500819755053138e-01 -5.2933257133881140e-03 -9.9652734584328273e-02 1.0892396000000000e-01 7.1467970362030897e-02 -7.3475065146112772e-01 -6.7456193888313931e-01 -1.2241663000000000e+00 0.0000000000000000e+00 0.0000000000000000e+00 0.0000000000000000e+00 1.0000000000000000e+00
-2.1687037756155249e-02 -8.1084967728889223e-01 5.8485252263614507e-01 -2.9522827000000000e+00 -9.8249648578703264e-01 1.2554231348734299e-01 1.3762188394429539e-01 4.3568686000000001e-01 -1.8501439892477164e-01 -5.7163093720052027e-01 -7.9937959933048119e-01 -1.2227661999999999e+00 0.0000000000000000e+00 0.0000000000000000e+00 0.0000000000000000e+00 1.0000000000000000e+00
-7.9487250512588398e-02 -9.6964434125713594e-01 2.3123933158951177e-01 -2.6610358000000001e+00 -9.9447679886620965e-01 9.3085848419028033e-02 4.8486300548982189e-02 5.4355030000000004e-01 -6.8539576324672002e-02 -2.2610810753293409e-01 -9.7168793868459125e-01 -1.0545910000000001e+00 0.0000000000000000e+00 0.0000000000000000e+00 0.0000000000000000e+00 1.0000000000000000e+00
-6.8714140538930171e-02 -9.9763509813123297e-01 1.6055736299374519e-03 -2.1197417000000001e+00 -9.9756327176198467e-01 6.8728500013859148e-02 1.1996337664869929e-02 5.0605613000000005e-01 -1.2078316170755327e-02 -7.7734325107883459e-04 -9.9992675232536343e-01 -1.0272505000000001e+00 0.0000000000000000e+00 0.0000000000000000e+00 0.0000000000000000e+00 1.0000000000000000e+00
-5.2412696390973859e-03 -9.6270348583118293e-01 -2.7050790646681588e-01 -1.7473704000000001e+00 -9.9996629965531869e-01 3.3363945610424481e-03 7.5012015692386691e-03 4.2482784000000001e-01 -6.3189117907735959e-03 2.7053810607717055e-01 -9.6268852933540128e-01 -1.1460124000000000e+00 0.0000000000000000e+00 0.0000000000000000e+00 0.0000000000000000e+00 1.0000000000000000e+00
1.6179545053964767e-02 -8.6670806429191882e-01 -4.9855326055818999e-01 -1.4625935999999999e+00 -9.9859194505391746e-01 1.1187032900791677e-02 -5.1855352359338441e-02 2.3656558999999999e-01 5.0520783795199253e-02 4.9869026618356238e-01 -8.6530669061234455e-01 -1.1891974999999999e+00 0.0000000000000000e+00 0.0000000000000000e+00 0.0000000000000000e+00 1.0000000000000000e+00
1.6272716532931078e-01 -5.9644603439218680e-01 -7.8598473122683588e-01 -1.2974243999999999e+00 -9.7466159558147669e-01 2.6738542910240498e-02 -2.2208067097702849e-01 -4.0013365000000002e-02 1.5347522198210728e-01 8.0220769030274930e-01 -5.7698195626611359e-01 -1.3047105000000001e+00 0.0000000000000000e+00 0.0000000000000000e+00 0.0000000000000000e+00 1.0000000000000000e+00
2.9348710027683828e-01 -5.3944271749407946e-01 -7.8921915620041549e-01 -1.3445555000000000e+00 -9.0990375759554287e-01 9.5538024304549204e-02 -4.0366773195970818e-01 -3.5221928000000002e-01 2.9315605721970772e-01 8.3658474792132442e-01 -4.6280177793609356e-01 -1.2641564999999999e+00 0.0000000000000000e+00 0.0000000000000000e+00 0.0000000000000000e+00 1.0000000000000000e+00
2.1440721564556320e-01 -8.1259078136006124e-01 -5.4196472941305174e-01 -1.4147920000000000e+00 -8.8214682630500474e-01 7.7120761671508054e-02 -4.6461743936190592e-01 -5.7321686000000005e-01 4.1934058081602937e-01 5.7770979753493179e-01 -7.0028913108302893e-01 -9.2912525000000001e-01 0.0000000000000000e+00 0.0000000000000000e+00 0.0000000000000000e+00 1.0000000000000000e+00
1.2083517438528647e-01 -9.3292047585243354e-01 -3.3920236786695090e-01 -1.7814524000000000e+00 -8.8265415350726661e-01 5.5381631384234367e-02 -4.6674888344975335e-01 -7.0192003000000003e-01 4.5422517095340287e-01 3.5579806160305266e-01 -8.1675408381707038e-01 -7.5784487000000000e-01 0.0000000000000000e+00 0.0000000000000000e+00 0.0000000000000000e+00 1.0000000000000000e+00
1.1805332884579522e-01 -9.6360707070378004e-01 -2.3984333394552942e-01 -2.3013773000000000e+00 -8.9422661731216713e-01 1.8576087792578858e-03 -4.4761066361299118e-01 -6.9250650000000002e-01 4.3176633546267323e-01 2.6731622206537231e-01 -8.6146379435344289e-01 -5.7453569999999998e-01 0.0000000000000000e+00 0.0000000000000000e+00 0.0000000000000000e+00 1.0000000000000000e+00
8.5041707215298690e-02 -9.9010774137117341e-01 -1.1160003813073149e-01 -2.8603980000000000e+00 -9.0805050737325410e-01 -3.0910530478230561e-02 -4.1771858369568626e-01 -5.6510050000000001e-01 4.1013678705168977e-01 1.3686197274052300e-01 -9.0169652118907984e-01 -4.9626225000000002e-01 0.0000000000000000e+00 0.0000000000000000e+00 0.0000000000000000e+00 1.0000000000000000e+00
-1.1882512225058345e-02 -9.8787991140712417e-01 1.5476461656810792e-01 -3.3247469999999999e+00 -9.3234983817171946e-01 -4.4988038686798598e-02 -3.5874762108797797e-01 -3.4130300000000002e-01 3.6136212469542195e-01 -1.4855758820527221e-01 -9.2051510461384745e-01 -5.7129779999999997e-01 0.0000000000000000e+00 0.0000000000000000e+00 0.0000000000000000e+00 1.0000000000000000e+00
-7.7357749236384485e-02 -9.5316938019750208e-01 2.9237631793117241e-01 -3.6189935000000002e+00 -9.6183805319231119e-01 -5.8498641553512559e-03 -2.7355682868571979e-01 -1.1078341000000000e-01 2.6245635458930111e-01 -3.0238040899382573e-01 -9.1634204868729052e-01 -7.9344400000000004e-01 0.0000000000000000e+00 0.0000000000000000e+00 0.0000000000000000e+00 1.0000000000000000e+00
-9.0168867176852463e-02 -8.7206353892788568e-01 4.8101430276512025e-01 -3.7271017999999998e+00 -9.9535780220185899e-01 9.5229039279534855e-02 -1.3938280876116788e-02 2.2613858000000001e-01 -3.3651463384640340e-02 -4.8003813822494190e-01 -8.7660194208181119e-01 -9.7395480000000001e-01 0.0000000000000000e+00 0.0000000000000000e+00 0.0000000000000000e+00 1.0000000000000000e+00
-1.1447011820492897e-01 -9.7471988831999146e-01 1.9187947089674023e-01 -3.6232855000000002e+00 -9.7945242078161621e-01 1.4301751577328886e-01 1.4219333882805080e-01 5.4823047000000003e-01 -1.6604080059786924e-01 -1.7165992396450741e-01 -9.7106298613494590e-01 -9.3382465999999997e-01 0.0000000000000000e+00 0.0000000000000000e+00 0.0000000000000000e+00 1.0000000000000000e+00
-1.6526545307884766e-01 -9.8214629354871541e-01 -8.9866501473927551e-02 -3.3673122000000002e+00 -9.7842672046511259e-01 1.7472614797410413e-01 -1.1023577411174496e-01 6.3563435999999995e-01 1.2396968459477226e-01 6.9709621162733104e-02 -9.8983437302349753e-01 -7.5713575000000000e-01 0.0000000000000000e+00 0.0000000000000000e+00 0.0000000000000000e+00 1.0000000000000000e+00
-4.0787785335638628e-02 -9.5430550289080096e-01 -2.9603608516488261e-01 -2.9326240000000001e+00 -9.8525542314983094e-01 8.7684396883293672e-02 -1.4691221085076850e-01 6.1135560000000000e-01 1.6615687684011615e-01 2.8567893463738059e-01 -9.4381112442224913e-01 -8.6585380000000001e-01 0.0000000000000000e+00 0.0000000000000000e+00 0.0000000000000000e+00 1.0000000000000000e+00
7.4533841613190294e-02 -8.6324792918577253e-01 -4.9924715243139350e-01 -2.6314978999999998e+00 -9.7832868129997619e-01 3.3683809627009981e-02 -2.0429976092707680e-01 5.7637680000000002e-01 1.9317789159277329e-01 5.0365505430352486e-01 -8.4202962446358354e-01 -1.0211143000000000e+00 0.0000000000000000e+00 0.0000000000000000e+00 0.0000000000000000e+00 1.0000000000000000e+00
1.2753956652939658e-01 -7.6375574379194788e-01 -6.3278023261974825e-01 -2.3856449999999998e+00 -9.7031879785640884e-01 3.6082059502801404e-02 -2.3912238604641459e-01 5.2997970000000005e-01 2.0546310981776711e-01 6.4449612008672741e-01 -7.3648466494365505e-01 -1.1219030999999999e+00 0.0000000000000000e+00 0.0000000000000000e+00 0.0000000000000000e+00 1.0000000000000000e+00
3.5377458557012714e-02 -6.2800202095859270e-01 -7.7740716300917290e-01 -2.1761105000000001e+00 -9.9667625888994305e-01 3.4947908688978818e-02 -7.3587217935008775e-02 4.4832030000000000e-01 7.3381676126908713e-02 7.7742659161504801e-01 -6.2467833663303518e-01 -1.4016640000000000e+00 0.0000000000000000e+00 0.0000000000000000e+00 0.0000000000000000e+00 1.0000000000000000e+00
8.6061974324009166e-02 -5.8140503888037154e-01 -8.0904976196768463e-01 -2.1884990000000002e+00 -9.9291537107723338e-01 1.6726356010958038e-02 -1.1764053252665391e-01 1.4573562000000001e-01 8.1929252736819225e-02 8.1344232111386261e-01 -5.7584649670452825e-01 -1.4984516000000001e+00 0.0000000000000000e+00 0.0000000000000000e+00 0.0000000000000000e+00 1.0000000000000000e+00
2.2601938802379701e-01 -6.3113586267152677e-01 -7.4201264078667539e-01 -2.2140794000000001e+00 -9.4072421960337638e-01 5.6331700093762371e-02 -3.3446177990342124e-01 -1.6659836000000000e-01 2.5288965753657566e-01 7.7362410925100678e-01 -5.8099273549384356e-01 -1.4281090000000001e+00 0.0000000000000000e+00 0.0000000000000000e+00 0.0000000000000000e+00 1.0000000000000000e+00
2.7824277314163998e-01 -6.4742868837139833e-01 -7.0951888816869479e-01 -2.1432033000000001e+00 -8.6969463181361639e-01 1.4372272455634189e-01 -4.7220231452279016e-01 -3.8516940000000000e-01 4.0769131286921978e-01 7.4845164968740152e-01 -5.2307544531470718e-01 -1.2288536000000001e+00 0.0000000000000000e+00 0.0000000000000000e+00 0.0000000000000000e+00 1.0000000000000000e+00
2.1819671065569510e-01 -8.2289018974332806e-01 -5.2463504561096985e-01 -2.2625039000000000e+00 -8.0885416837643787e-01 1.4829363116242808e-01 -5.6900257754840000e-01 -5.5456170000000005e-01 5.4602667495196244e-01 5.4850773429446842e-01 -6.3324097755913822e-01 -1.0760626000000000e+00 0.0000000000000000e+00 0.0000000000000000e+00 0.0000000000000000e+00 1.0000000000000000e+00
1.4640177770780560e-01 -9.6640488490268239e-01 -2.1125368143591633e-01 -2.6091300999999998e+00 -8.2771024407410898e-01 -2.7249813971277487e-03 -5.6114911238561560e-01 -5.7594049999999997e-01 5.4172158101627566e-01 2.5701006383528774e-01 -8.0030216527797060e-01 -7.0791006000000001e-01 0.0000000000000000e+00 0.0000000000000000e+00 0.0000000000000000e+00 1.0000000000000000e+00
4.4337497192923160e-02 -9.8866244106662837e-01 -1.4345997339621719e-01 -3.1823049000000001e+00 -8.4972863918090125e-01 3.8194462592775182e-02 -5.2583497675889068e-01 -5.3412294000000005e-01 5.2535266830810090e-01 1.4521625477688407e-01 -8.3840134377882169e-01 -5.3429660000000001e-01 0.0000000000000000e+00 0.0000000000000000e+00 0.0000000000000000e+00 1.0000000000000000e+00
6.5300972092265458e-02 -9.9780832495591354e-01 1.0692506370310551e-02 -3.6140224999999999e+00 -8.3966347892851489e-01 -6.0734702262533108e-02 -5.3970041513301115e-01 -5.6099529999999997e-01 5.3916697339272202e-01 2.6264854649424518e-02 -8.4178924453379422e-01 -4.9314785000000000e-01 0.0000000000000000e+00 0.0000000000000000e+00 0.0000000000000000e+00 1.0000000000000000e+00
-2.3645679590107449e-01 -8.8849051302315540e-01 3.9328461950608673e-01 -3.8216133000000001e+00 -8.3069942584253231e-01 -2.5101760901823700e-02 -5.5615498334952873e-01 -5.7641299999999995e-01 5.0401056296181390e-01 -4.5820793300365009e-01 -7.3213307708055209e-01 -3.3714205000000003e-01 0.0000000000000000e+00 0.0000000000000000e+00 0.0000000000000000e+00 1.0000000000000000e+00
-3.3650257675611212e-01 -7.3627583434415289e-01 5.8708083906504593e-01 -4.0742916999999998e+00 -8.8108673882182265e-01 2.6144937494343379e-02 -4.7223151198934415e-01 -5.9179329999999997e-01 3.3234345865207299e-01 -6.7617626252644969e-01 -6.5752071259158029e-01 -4.1045487000000003e-01 0.0000000000000000e+00 0.0000000000000000e+00 0.0000000000000000e+00 1.0000000000000000e+00
-3.0426313708778058e-01 -7.8202137866672794e-01 5.4393612374771771e-01 -4.0315050000000001e+00 -9.0759909574450781e-01 6.4578334006118177e-02 -4.1484156033447983e-01 -7.8592925999999996e-01 2.8928848026365328e-01 -6.1989692859795997e-01 -7.2941070262339958e-01 -1.9168669999999999e-01 0.0000000000000000e+00 0.0000000000000000e+00 0.0000000000000000e+00 1.0000000000000000e+00
-2.4029458632954370e-01 -6.7601398226486775e-01 6.9660864735022376e-01 -3.8104043000000001e+00 -9.5116312705045691e-01 2.0723327331548247e-02 -3.0799228796173750e-01 -8.8551575000000005e-01 1.9377104407085644e-01 -7.3659733877248323e-01 -6.4797927666938970e-01 2.0400164000000001e-01 0.0000000000000000e+00 0.0000000000000000e+00 0.0000000000000000e+00 1.0000000000000000e+00
-2.5494120443565604e-01 -6.6391506752838758e-01 7.0300907916589095e-01 -3.5609270000000000e+00 -9.2120200558527898e-01 -5.4234856106712082e-02 -3.8528618621583610e-01 -9.8675369999999996e-01 2.9392490058951593e-01 -7.4583869803856451e-01 -5.9777319220719694e-01 4.2796168000000001e-01 0.0000000000000000e+00 0.0000000000000000e+00 0.0000000000000000e+00 1.0000000000000000e+00
-3.2071141953928550e-01 -5.7559224638265294e-01 7.5222187636445903e-01 -3.4265232000000001e+00 -9.1882361668524293e-01 -3.7999671127268986e-03 -3.9465012564471824e-01 -9.2324454000000000e-01 2.3001597074669838e-01 -8.1772802700782699e-01 -5.2764905671036710e-01 4.1766872999999999e-01 0.0000000000000000e+00 0.0000000000000000e+00 0.0000000000000000e+00 1.0000000000000000e+00
-5.6328552258179587e-01 -2.6197444042815127e-01 7.8363180934167687e-01 -3.6680217000000002e+00 -8.1421289140212294e-01 1.4612692460528542e-02 -5.8038249171873635e-01 -8.2988286000000000e-01 1.4059440787011457e-01 -9.6496417642387700e-01 -2.2153408472341418e-01 -4.3577286999999999e-02 0.0000000000000000e+00 0.0000000000000000e+00 0.0000000000000000e+00 1.0000000000000000e+00
-6.7676816355912195e-01 -2.7792300224268185e-01 6.8172109958341998e-01 -3.6497175999999998e+00 -7.1497579049084992e-01 2.7396643950131305e-02 -6.9861222642625842e-01 -7.5259609999999999e-01 1.7548353713325121e-01 -9.6021259558739569e-01 -2.1724939463786486e-01 -4.1499844000000002e-01 0.0000000000000000e+00 0.0000000000000000e+00 0.0000000000000000e+00 1.0000000000000000e+00
-5.6740051039076267e-01 -2.5612599434197364e-01 7.8259576783332918e-01 -3.6228129999999998e+00 -8.0536547041867057e-01 -2.5433022974785557e-02 -5.9223274174911855e-01 -6.5419333999999996e-01 1.7158997600564097e-01 -9.6630876864732007e-01 -1.9184432170300048e-01 -8.1024563000000005e-01 0.0000000000000000e+00 0.0000000000000000e+00 0.0000000000000000e+00 1.0000000000000000e+00
-5.1109279206832170e-01 -3.5105184403336231e-01 7.8456788150967749e-01 -3.4392295000000002e+00 -8.3750036217225921e-01 -1.9190796842788460e-03 -5.4643339987092676e-01 -5.8804624999999999e-01 1.9333210094845132e-01 -9.3635405693249463e-01 -2.9302521872514087e-01 -7.7468780000000004e-01 0.0000000000000000e+00 0.0000000000000000e+00 0.0000000000000000e+00 1.0000000000000000e+00
-5.5627487910987994e-01 -3.6614686989287681e-01 7.4598574285232666e-01 -3.0627049999999998e+00 -8.1336812159469363e-01 5.5968239147108800e-02 -5.7905082245023365e-01 -5.9297460000000002e-01 1.7026613769275617e-01 -9.2887244865719920e-01 -3.2894591725809685e-01 -4.9526954000000001e-01 0.0000000000000000e+00 0.0000000000000000e+00 0.0000000000000000e+00 1.0000000000000000e+00
-5.5123706171411369e-01 -3.7931846835263194e-01 7.4313874973614680e-01 -2.8966913000000001e+00 -8.1465462746731221e-01 5.2315655166612185e-02 -5.7758195104295174e-01 -6.7222552999999996e-01 1.8020971044559386e-01 -9.2378599891484681e-01 -3.3785187356297686e-01 -2.4583084999999999e-01 0.0000000000000000e+00 0.0000000000000000e+00 0.0000000000000000e+00 1.0000000000000000e+00
-4.4867093416752446e-01 -3.5329944161189064e-01 8.2089822596346718e-01 -2.8516412000000000e+00 -8.7888272737267581e-01 7.8770709910929160e-03 -4.7697285381724641e-01 -7.5249887000000004e-01 1.6204796931528648e-01 -9.3547712762489699e-01 -3.1404298962317967e-01 1.3944968999999999e-01 0.0000000000000000e+00 0.0000000000000000e+00 0.0000000000000000e+00 1.0000000000000000e+00
-2.8986609944953146e-01 -4.0335558648951669e-01 8.6791815007960971e-01 -2.8748380000000000e+00 -9.5480291345653923e-01 5.9531632771093412e-02 -2.9121706878978065e-01 -9.9450490000000002e-01 6.5795446991554041e-02 -9.1310473416104099e-01 -4.0238129132438016e-01 3.5013549999999999e-01 0.0000000000000000e+00 0.0000000000000000e+00 0.0000000000000000e+00 1.0000000000000000e+00
-2.3688893572663672e-01 -2.6326374223025606e-01 9.3518759302998833e-01 -2.9196422000000002e+00 -9.7153642156143249e-01 6.4967521404346584e-02 -2.2780738078952301e-01 -1.0514562000000001e+00 -7.8339639293256713e-04 -9.6253385560690663e-01 -2.7116040105552763e-01 1.8395633000000000e-01 0.0000000000000000e+00 0.0000000000000000e+00 0.0000000000000000e+00 1.0000000000000000e+00
-3.3543593826281459e-01 -3.2838466876845873e-01 8.8297578711965530e-01 -3.0124019999999998e+00 -9.3724976063204057e-01 2.1703514360184473e-02 -3.4798253355534930e-01 -8.1597876999999996e-01 9.5108451343335842e-02 -9.4429469276399458e-01 -3.1505859090147881e-01 -2.4864871999999999e-01 0.0000000000000000e+00 0.0000000000000000e+00 0.0000000000000000e+00 1.0000000000000000e+00
-3.4402405848704282e-01 -4.3361976064874108e-01 8.3283933045758096e-01 -2.8939306999999999e+00 -9.2838354201745088e-01 2.4323889407779131e-02 -3.7082657309746514e-01 -7.0603526000000005e-01 1.4053983810021692e-01 -9.0076759021348352e-01 -4.1093345243209156e-01 -7.8040560000000003e-01 0.0000000000000000e+00 0.0000000000000000e+00 0.0000000000000000e+00 1.0000000000000000e+00
-2.5987389984297321e-01 -5.7799809678446157e-01 7.7355268488574502e-01 -2.6977508000000001e+00 -9.4758823632589717e-01 -1.5385323436712395e-03 -3.1949048075803965e-01 -7.1503000000000005e-01 1.8585502564412992e-01 -8.1603666157334365e-01 -5.4730437273152888e-01 -8.5061399999999998e-01 0.0000000000000000e+00 0.0000000000000000e+00 0.0000000000000000e+00 1.0000000000000000e+00
-4.0699120640821623e-01 -5.6396150800657074e-01 7.1854406642414070e-01 -2.4493518000000001e+00 -8.9117291829864320e-01 7.2554602198842855e-02 -4.4782436221229405e-01 -8.0170333000000005e-01 2.0042202373358348e-01 -8.2260759003714690e-01 -5.3211630797769460e-01 -4.6751160000000003e-01 0.0000000000000000e+00 0.0000000000000000e+00 0.0000000000000000e+00 1.0000000000000000e+00
-4.5276224112266850e-01 -3.6674589690972353e-01 8.1271384885054143e-01 -2.3813965000000001e+00 -8.8050276900747737e-01 4.0345679936608758e-02 -4.7232097124796135e-01 -9.8842244999999995e-01 1.4043228540383207e-01 -9.2944589579508874e-01 -3.4118777821885904e-01 -1.2022643000000000e-01 0.0000000000000000e+00 0.0000000000000000e+00 0.0000000000000000e+00 1.0000000000000000e+00
-3.4980490627338434e-01 -2.2912984514456070e-01 9.0836999158443066e-01 -2.3060700000000001e+00 -9.3530850395297049e-01 3.0312979287898445e-02 -3.5253244633642999e-01 -1.1878877000000001e+00 5.3240304096851876e-02 -9.7292375721364788e-01 -2.2491072155180536e-01 1.0276204999999999e-01 0.0000000000000000e+00 0.0000000000000000e+00 0.0000000000000000e+00 1.0000000000000000e+00
-3.6863165151174865e-01 -3.9208978821290835e-01 8.4283824277430441e-01 -2.2553198000000001e+00 -9.2957200687814301e-01 1.5298236939824389e-01 -3.3539868616594332e-01 -1.2676464000000001e+00 2.5670084266269932e-03 -9.0711740840558019e-01 -4.2086983478895423e-01 4.0035385999999999e-02 0.0000000000000000e+00 0.0000000000000000e+00 0.0000000000000000e+00 1.0000000000000000e+00
-2.9551756090999015e-01 -6.0466855383789919e-01 7.3962511530733865e-01 -2.3477974000000001e+00 -9.4927942907478646e-01 9.8809312719765563e-02 -2.9850508413642662e-01 -1.1842439000000000e+00 1.0741478822423800e-01 -7.9032440157155170e-01 -6.0319930665685539e-01 -2.5801927000000002e-01 0.0000000000000000e+00 0.0000000000000000e+00 0.0000000000000000e+00 1.0000000000000000e+00
-4.2807339834530350e-01 -5.9807743393717017e-01 6.7753711975376896e-01 -2.4573708000000001e+00 -8.6728659122054830e-01 6.1072307176960716e-02 -4.9404872430269936e-01 -7.9679999999999995e-01 2.5410063816949552e-01 -7.9910797537705291e-01 -5.4484796904333088e-01 -4.5446693999999999e-01 0.0000000000000000e+00 0.0000000000000000e+00 0.0000000000000000e+00 1.0000000000000000e+00
-6.2198044728102142e-01 -2.9831364763373253e-01 7.2398155420946897e-01 -2.1017000000000001e+00 -7.6195433093158549e-01 1.7495311768332189e-02 -6.4739440192260633e-01 -8.4290019999999999e-01 1.8046030248977490e-01 -9.5430754041953714e-01 -2.3818311762950972e-01 -1.2485093000000000e-01 0.0000000000000000e+00 0.0000000000000000e+00 0.0000000000000000e+00 1.0000000000000000e+00
-4.4663621608629600e-01 -4.4545134476889459e-01 7.7594406365645952e-01 -1.9708562000000001e+00 -8.5612636601597192e-01 -3.9175938385912712e-02 -5.1527943027436085e-01 -7.9914205999999999e-01 2.5993025197618380e-01 -8.9444862641471312e-01 -3.6386524815160803e-01 4.5659659999999998e-02 0.0000000000000000e+00 0.0000000000000000e+00 0.0000000000000000e+00 1.0000000000000000e+00
-3.6173571519128106e-01 -7.0705929076630725e-01 6.0763017674906394e-01 -1.7118504999999999e+00 -8.4072621876985665e-01 -3.4265240526410168e-02 -5.4037516445947642e-01 -7.4722409999999995e-01 4.0289787468785593e-01 -7.0632361749605510e-01 -5.8204832268403184e-01 -5.6898000000000001e-03 0.0000000000000000e+00 0.0000000000000000e+00 0.0000000000000000e+00 1.0000000000000000e+00
-2.9083157154809841e-01 -8.3935921376853029e-01 4.5923099552702012e-01 -1.2940316999999999e+00 -8.3696629088850905e-01 -9.3680476250311284e-03 -5.4717425706992728e-01 -7.3016952999999996e-01 4.6357785204558138e-01 -5.4349641208159760e-01 -6.9979084385781676e-01 -1.0296716000000000e-01 0.0000000000000000e+00 0.0000000000000000e+00 0.0000000000000000e+00 1.0000000000000000e+00
-1.4768516687708039e-03 -9.9975628227412106e-01 2.2027141498076330e-02 -8.8288169999999999e-01 -8.2002692121282617e-01 -1.1395902571106606e-02 -5.7221148353629092e-01 -7.4779079999999998e-01 5.7232304461323369e-01 -1.8907920510137233e-02 -8.1981023605869929e-01 -2.5005093000000000e-01 0.0000000000000000e+00 0.0000000000000000e+00 0.0000000000000000e+00 1.0000000000000000e+00
2.2687366703743669e-01 -8.7907526308418216e-01 -4.1923146475242329e-01 -4.8204734999999999e-01 -8.6375825413624130e-01 1.7251744094500907e-02 -5.0361101629850213e-01 -7.7702289999999996e-01 4.4994446059096965e-01 4.7637071610162385e-01 -7.5539454805043926e-01 -1.6350323999999999e-01 0.0000000000000000e+00 0.0000000000000000e+00 0.0000000000000000e+00 1.0000000000000000e+00
3.9748746844891703e-01 -5.6039793956518302e-01 -7.2660708898081139e-01 -8.7064539999999996e-02 -8.6754048221070890e-01 2.8480849783190515e-02 -4.9655045355053073e-01 -8.4356284000000004e-01 2.9896023841253833e-01 8.2773364709109454e-01 -4.7484711784067224e-01 -2.7292347000000000e-01 0.0000000000000000e+00 0.0000000000000000e+00 0.0000000000000000e+00 1.0000000000000000e+00
3.4595682905959013e-01 -5.3172866105758976e-01 -7.7303201967120128e-01 1.9762117000000001e-01 -9.1250620762209866e-01 9.9673727322900640e-04 -4.0906164274586254e-01 -9.1408676000000000e-01 2.1828030941468141e-01 8.4691418545488484e-01 -4.8486087591918570e-01 -4.7815055000000001e-01 0.0000000000000000e+00 0.0000000000000000e+00 0.0000000000000000e+00 1.0000000000000000e+00
1.5424353431914700e-01 -8.2969650481222668e-01 -5.3648172571217445e-01 3.0138500000000001e-01 -9.7529043257038683e-01 -4.0932023364486141e-02 -2.1710168493117873e-01 -1.0580982999999999e+00 1.5816922664477365e-01 5.5671202552636112e-01 -8.1550856303102681e-01 -5.6667909999999999e-01 0.0000000000000000e+00 0.0000000000000000e+00 0.0000000000000000e+00 1.0000000000000000e+00
2.2705676041209372e-01 -4.6192849093783328e-01 -8.5736065737299905e-01 1.1844512000000000e-01 -9.6672827992316168e-01 -4.0032953406649030e-04 -2.5580514563446360e-01 -1.1321374000000000e+00 1.1782045810456737e-01 8.8691708124049562e-01 -4.4665023301893580e-01 -4.8366255000000002e-01 0.0000000000000000e+00 0.0000000000000000e+00 0.0000000000000000e+00 1.0000000000000000e+00
3.3560301162714123e-01 -2.7868453760800976e-01 -8.9983640017783406e-01 -9.1287404000000003e-02 -9.3457789017105819e-01 2.1201062334487014e-02 -3.5512629043666033e-01 -1.0362275000000001e+00 1.1804569365379941e-01 9.6014865695583818e-01 -2.5333726681184227e-01 -2.0722719000000001e-01 0.0000000000000000e+00 0.0000000000000000e+00 0.0000000000000000e+00 1.0000000000000000e+00
3.2785931163124693e-01 -5.7580706133239123e-01 -7.4896895789908469e-01 -3.5355794000000001e-01 -8.9677070836916506e-01 5.9692569258146574e-02 -4.3845078832912104e-01 -9.9493659999999995e-01 2.9717094135825450e-01 8.1540359656744066e-01 -4.9679614160853924e-01 6.3494645000000002e-02 0.0000000000000000e+00 0.0000000000000000e+00 0.0000000000000000e+00 1.0000000000000000e+00
3.0630668984932347e-01 -8.2587503105395976e-01 -4.7339903341174228e-01 -7.1547450000000001e-01 -8.5036409152488379e-01 -1.3874660907346648e-02 -5.2601179229154726e-01 -9.8817425999999997e-01 4.2785175423107702e-01 5.6368246989446802e-01 -7.0654437195059672e-01 3.0900344000000002e-01 0.0000000000000000e+00 0.0000000000000000e+00 0.0000000000000000e+00 1.0000000000000000e+00
